name: cudaenv
channels:
  - conda-forge
  - defaults
dependencies:
  - asttokens=2.4.1=pyhd8ed1ab_0
  - brotli-python=1.0.9=py310hd77b12b_8
  - bzip2=1.0.8=h2bbff1b_6
  - ca-certificates=2024.9.24=haa95532_0
  - certifi=2024.8.30=py310haa95532_0
  - charset-normalizer=3.3.2=pyhd3eb1b0_0
  - colorama=0.4.6=pyhd8ed1ab_0
  - comm=0.2.2=pyhd8ed1ab_0
  - cpython=3.10.15=py310hd8ed1ab_2
  - debugpy=1.8.8=py310h9e98ed7_0
  - decorator=5.1.1=pyhd8ed1ab_0
  - exceptiongroup=1.2.2=pyhd8ed1ab_0
  - executing=2.1.0=pyhd8ed1ab_0
  - finnhub-python=2.4.18=pyhd8ed1ab_0
  - idna=3.7=py310haa95532_0
  - importlib-metadata=8.5.0=pyha770c72_0
  - ipykernel=6.29.5=pyh4bbf305_0
  - ipython=8.29.0=pyh7428d3b_0
  - jedi=0.19.1=pyhd8ed1ab_0
  - jupyter_client=8.6.3=pyhd8ed1ab_0
  - jupyter_core=5.7.2=pyh5737063_1
  - krb5=1.21.3=hdf4eb48_0
  - libabseil=20240722.0=cxx17_he0c23c2_1
  - libffi=3.4.4=hd77b12b_1
  - libprotobuf=5.28.2=hcaed137_0
  - libsentencepiece=0.2.0=hce4e7b9_6
  - libsodium=1.0.20=hc70643c_0
  - libsqlite=3.47.0=h2466b09_1
  - libzlib=1.3.1=h2466b09_2
  - matplotlib-inline=0.1.7=pyhd8ed1ab_0
  - nest-asyncio=1.6.0=pyhd8ed1ab_0
  - openssl=3.3.2=h2466b09_0
  - packaging=24.1=pyhd8ed1ab_0
  - parso=0.8.4=pyhd8ed1ab_0
  - pickleshare=0.7.5=py_1003
  - pip=24.2=py310haa95532_0
  - platformdirs=4.3.6=pyhd8ed1ab_0
  - prompt-toolkit=3.0.48=pyha770c72_0
  - psutil=6.1.0=py310ha8f682b_0
  - pure_eval=0.2.3=pyhd8ed1ab_0
  - pygments=2.18.0=pyhd8ed1ab_0
  - pysocks=1.7.1=py310haa95532_0
  - python=3.10.15=hfaddaf0_2_cpython
  - python-dateutil=2.9.0=pyhd8ed1ab_0
  - python_abi=3.10=2_cp310
  - pywin32=307=py310h9e98ed7_3
  - pyzmq=26.2.0=py310h656833d_3
  - requests=2.32.3=py310haa95532_1
  - sentencepiece=0.2.0=h5588dad_6
  - sentencepiece-python=0.2.0=py310ha2051df_6
  - sentencepiece-spm=0.2.0=hce4e7b9_6
  - setuptools=75.1.0=py310haa95532_0
  - six=1.16.0=pyh6c4a22f_0
  - sqlite=3.45.3=h2bbff1b_0
  - stack_data=0.6.2=pyhd8ed1ab_0
  - tk=8.6.13=h5226925_1
  - tornado=6.4.1=py310ha8f682b_1
  - traitlets=5.14.3=pyhd8ed1ab_0
  - typing_extensions=4.12.2=pyha770c72_0
  - tzdata=2024b=hc8b5060_0
  - ucrt=10.0.22621.0=h57928b3_1
  - urllib3=2.2.3=py310haa95532_0
  - vc=14.40=h2eaa2aa_1
  - vc14_runtime=14.40.33810=hcc2c482_22
  - vs2015_runtime=14.40.33810=h3bf8584_22
  - wcwidth=0.2.13=pyhd8ed1ab_0
  - wheel=0.44.0=py310haa95532_0
  - win_inet_pton=1.1.0=py310haa95532_0
  - xz=5.4.6=h8cc25b3_1
  - zeromq=4.3.5=ha9f60a1_6
  - zipp=3.20.2=pyhd8ed1ab_0
  - zlib=1.3.1=h2466b09_2
prefix: C:\Users\SDSC\miniconda3\envs\cudaenv
